a0 = 4.0373 Å
B0 = 76.204 GPa
Bp = 4.830
E0 = -39.502655 Ry
V0 = 111.019682 bohr^3
RMS = 1.478 meV/atom
